112.4993550
110.4072750
110.7065450
112.3680025
110.5791425
113.7124350
114.8936925
114.3607625
113.8501100
114.3498825
116.8998600
116.6465925
115.7890950
117.0110075
116.2991800
117.9214300
118.6888250
118.4807850
118.0541700
118.0329750
117.5758380
118.3338475
117.9853725
119.8592925
121.4498300
122.2457625
121.6639100
121.2465250
121.4015700
120.4557125
120.7413150
120.2935225
120.1572943
121.6203150
121.8135475
121.5928275
121.7847125
120.2489405
121.7481675
120.2695300
120.3231075
121.2560075
120.5194500
120.7222750
120.2079370
122.8203100
123.8684275
122.7057990
123.2303525
124.7290600
123.0677950
123.5796125
122.8518325
123.5009800
124.2173675
122.9266775
123.6020525
122.6133415
123.2782400
123.7654525
122.9560275
123.7775800
124.3519700
123.4149725
122.9020225
123.6502675
124.0695900
124.1940100
124.2454925
123.6963425
122.7252690
123.3468225
122.7380345
123.5913550
123.6866825
123.5481150
126.9438425
126.5615275
127.4510925
125.9260750
127.0770325
125.3520150
126.8602125
127.0743500
125.9777600
126.5548900
125.8667475
125.1154238
126.5326650
126.4184350
126.2472350
126.8095050
125.3613775
125.1057580
125.7769675
125.3041025
125.6051750
128.4526475
128.6003225
128.9994900
129.1114375
128.5815650
128.8899200
129.2921025
129.1059075
129.2144425
127.7403953
127.8073325
127.6424935
129.5501800
127.8138475
128.2893625
127.9514175
127.8555675
131.6610750
131.7129725
130.4775050
131.0908575
132.4111475
132.1704100
132.8272000
133.7111050
133.4366350
